
167.750000 3.750000 5.250000 11.250000 18.250000 6.500000 12.000000 15.500000 2.750000 20.000000 310.227509
-7.000000 193.000000 4.000000 8.000000 17.666700 -3.666700 -3.000000 4.000000 9.000000 21.666700 -193.516602
2.800000 4.200000 126.000000 5.400000 10.800000 12.600000 -7.800000 8.000000 14.800000 13.000000 238.112000
16.571400 14.857100 25.428600 177.428604 25.714300 2.142900 5.571400 10.571400 5.428600 6.428600 -165.022903
6.166700 -19.000000 9.833300 12.166700 151.000000 -6.166700 14.500000 3.666700 -10.500000 -14.166700 214.421494
-0.875000 11.125000 7.125000 6.375000 13.375000 118.750000 -6.000000 1.875000 -15.750000 -8.750000 108.632500
-7.571400 -1.428600 5.285700 9.857100 -18.000000 7.142900 133.857101 -10.142900 -8.857100 -12.857100 28.854300
17.200001 11.000000 15.600000 2.800000 2.200000 14.200000 15.600000 143.800003 5.200000 6.400000 291.731995
15.833300 4.833300 -5.833300 5.500000 -9.666700 7.666700 5.666700 9.500000 118.166702 -3.000000 -256.571686
0.916700 -2.000000 -2.583300 2.916700 3.916700 10.666700 2.166700 9.583300 -3.583300 89.083298 197.185699

167.750000 3.750000 5.250000 11.250000 18.250000 6.500000 12.000000 15.500000 2.750000 20.000000 310.227509
0.000000 193.156479 4.219076 8.469449 18.428249 -3.395463 -2.499255 4.646796 9.114754 22.501276 -180.571198
0.000000 4.137407 125.912369 5.212221 10.495380 12.491506 -8.000299 7.741282 14.754099 12.666170 232.933838
0.000000 14.486650 24.909973 176.317261 23.911449 1.500789 4.385965 9.040213 5.156938 4.452874 -195.669128
0.000000 -19.137856 9.640303 11.753137 150.329102 -6.405648 14.058865 3.096900 -10.601093 -14.901925 203.017136
0.000000 11.144561 7.152384 6.433681 13.470194 118.783905 -5.937407 1.955850 -15.735656 -8.645679 110.250679
0.000000 -1.259344 5.522659 10.364868 -17.176287 7.436278 134.398727 -9.443308 -8.732978 -11.954399 42.856426
0.000000 10.615499 15.061699 1.646498 0.328763 13.533532 14.369598 142.210739 4.918033 4.349329 259.923279
0.000000 4.479352 -6.328828 4.438154 -11.389250 7.053189 4.534064 8.037012 117.907143 -4.887726 -285.852905
0.000000 -2.020493 -2.611990 2.855222 3.816969 10.631180 2.101124 9.498597 -3.598328 88.974007 195.490402

167.750000 3.750000 5.250000 11.250000 18.250000 6.500000 12.000000 15.500000 2.750000 20.000000 310.227509
0.000000 193.156479 4.219076 8.469449 18.428249 -3.395463 -2.499255 4.646796 9.114754 22.501276 -180.571198
0.000000 0.000000 125.821999 5.030805 10.100648 12.564237 -7.946764 7.641747 14.558861 12.184194 236.801666
-0.000000 0.000000 24.593544 175.682053 22.529339 1.755447 4.573408 8.691705 4.473335 2.765288 -182.126373
0.000000 0.000000 10.058327 12.592286 152.154968 -6.742069 13.811239 3.557303 -9.698008 -12.672509 185.126221
0.000000 0.000000 6.908956 5.945019 12.406939 118.979813 -5.793207 1.687743 -16.261551 -9.943936 120.669106
0.000000 0.000000 5.550167 10.420088 -17.056137 7.414140 134.382431 -9.413012 -8.673552 -11.807695 41.679138
-0.000000 0.000000 14.829826 1.181033 -0.684017 13.720140 14.506952 141.955353 4.417104 3.112704 269.847107
-0.000000 0.000000 -6.426670 4.241745 -11.816606 7.131931 4.592023 7.929252 117.695770 -5.409536 -281.665405
0.000000 0.000000 -2.567857 2.943816 4.009736 10.595662 2.074981 9.547204 -3.502984 89.209381 193.601562

167.750000 3.750000 5.250000 11.250000 18.250000 6.500000 12.000000 15.500000 2.750000 20.000000 310.227509
0.000000 193.156479 4.219076 8.469449 18.428249 -3.395463 -2.499255 4.646796 9.114754 22.501276 -180.571198
0.000000 0.000000 125.821999 5.030805 10.100648 12.564237 -7.946764 7.641747 14.558861 12.184194 236.801666
-0.000000 0.000000 0.000000 174.698715 20.555037 -0.700396 6.126706 7.198026 1.627617 0.383729 -228.412338
0.000000 0.000000 0.000000 12.190119 151.347519 -7.746466 14.446511 2.946414 -10.861856 -13.646524 166.196075
0.000000 0.000000 0.000000 5.668775 11.852306 118.289902 -5.356846 1.268131 -17.060986 -10.612977 107.666199
0.000000 0.000000 0.000000 10.198173 -17.501690 6.859916 134.732971 -9.750098 -9.315762 -12.345156 31.233519
-0.000000 0.000000 0.000000 0.588085 -1.874515 12.239275 15.443586 141.054672 2.701145 1.676632 241.936829
0.000000 0.000000 0.000000 4.498706 -11.300690 7.773680 4.186122 8.319572 118.439400 -4.787199 -269.570160
0.000000 0.000000 0.000000 3.046488 4.215877 10.852081 1.912798 9.703162 -3.205858 89.458046 198.434357

167.750000 3.750000 5.250000 11.250000 18.250000 6.500000 12.000000 15.500000 2.750000 20.000000 310.227509
0.000000 193.156479 4.219076 8.469449 18.428249 -3.395463 -2.499255 4.646796 9.114754 22.501276 -180.571198
0.000000 0.000000 125.821999 5.030805 10.100648 12.564237 -7.946764 7.641747 14.558861 12.184194 236.801666
-0.000000 0.000000 0.000000 174.698715 20.555037 -0.700396 6.126706 7.198026 1.627617 0.383729 -228.412338
0.000000 0.000000 0.000000 0.000000 149.913223 -7.697594 14.019002 2.444151 -10.975429 -13.673301 182.134216
0.000000 0.000000 0.000000 0.000000 11.185319 118.312630 -5.555651 1.034563 -17.113800 -10.625428 115.077919
0.000000 0.000000 0.000000 0.000000 -18.701607 6.900802 134.375320 -10.170288 -9.410775 -12.367557 44.567265
-0.000000 0.000000 0.000000 0.000000 -1.943709 12.241632 15.422962 141.030441 2.695666 1.675340 242.705734
0.000000 0.000000 0.000000 0.000000 -11.830008 7.791716 4.028352 8.134214 118.397484 -4.797080 -263.688263
0.000000 0.000000 0.000000 0.000000 3.857427 10.864295 1.805957 9.577640 -3.234241 89.451355 202.417526

167.750000 3.750000 5.250000 11.250000 18.250000 6.500000 12.000000 15.500000 2.750000 20.000000 310.227509
0.000000 193.156479 4.219076 8.469449 18.428249 -3.395463 -2.499255 4.646796 9.114754 22.501276 -180.571198
0.000000 0.000000 125.821999 5.030805 10.100648 12.564237 -7.946764 7.641747 14.558861 12.184194 236.801666
-0.000000 0.000000 0.000000 174.698715 20.555037 -0.700396 6.126706 7.198026 1.627617 0.383729 -228.412338
0.000000 0.000000 0.000000 0.000000 149.913223 -7.697594 14.019002 2.444151 -10.975429 -13.673301 182.134216
0.000000 0.000000 0.000000 0.000000 0.000000 118.886963 -6.601636 0.852200 -16.294903 -9.605236 101.488525
0.000000 0.000000 0.000000 0.000000 0.000000 5.940530 136.124191 -9.865381 -10.779955 -14.073295 67.288422
-0.000000 0.000000 0.000000 0.000000 0.000000 12.141829 15.604727 141.062134 2.553363 1.498058 245.067200
0.000000 0.000000 0.000000 0.000000 0.000000 7.184281 5.134625 8.327088 117.531387 -5.876073 -249.315613
0.000000 0.000000 0.000000 0.000000 0.000000 11.062363 1.445233 9.514749 -2.951831 89.803185 197.731018

167.750000 3.750000 5.250000 11.250000 18.250000 6.500000 12.000000 15.500000 2.750000 20.000000 310.227509
0.000000 193.156479 4.219076 8.469449 18.428249 -3.395463 -2.499255 4.646796 9.114754 22.501276 -180.571198
0.000000 0.000000 125.821999 5.030805 10.100648 12.564237 -7.946764 7.641747 14.558861 12.184194 236.801666
-0.000000 0.000000 0.000000 174.698715 20.555037 -0.700396 6.126706 7.198026 1.627617 0.383729 -228.412338
0.000000 0.000000 0.000000 0.000000 149.913223 -7.697594 14.019002 2.444151 -10.975429 -13.673301 182.134216
0.000000 0.000000 0.000000 0.000000 0.000000 118.886963 -6.601636 0.852200 -16.294903 -9.605236 101.488525
0.000000 0.000000 0.000000 0.000000 0.000000 0.000000 136.454056 -9.907964 -9.965733 -13.593341 62.217255
-0.000000 0.000000 0.000000 0.000000 0.000000 0.000000 16.278946 140.975098 4.217548 2.479033 234.702255
0.000000 0.000000 0.000000 0.000000 0.000000 0.000000 5.533558 8.275590 118.516083 -5.295633 -255.448517
0.000000 0.000000 0.000000 0.000000 0.000000 0.000000 2.059512 9.435452 -1.435600 90.696945 188.287567

167.750000 3.750000 5.250000 11.250000 18.250000 6.500000 12.000000 15.500000 2.750000 20.000000 310.227509
0.000000 193.156479 4.219076 8.469449 18.428249 -3.395463 -2.499255 4.646796 9.114754 22.501276 -180.571198
0.000000 0.000000 125.821999 5.030805 10.100648 12.564237 -7.946764 7.641747 14.558861 12.184194 236.801666
-0.000000 0.000000 0.000000 174.698715 20.555037 -0.700396 6.126706 7.198026 1.627617 0.383729 -228.412338
0.000000 0.000000 0.000000 0.000000 149.913223 -7.697594 14.019002 2.444151 -10.975429 -13.673301 182.134216
0.000000 0.000000 0.000000 0.000000 0.000000 118.886963 -6.601636 0.852200 -16.294903 -9.605236 101.488525
0.000000 0.000000 0.000000 0.000000 0.000000 0.000000 136.454056 -9.907964 -9.965733 -13.593341 62.217255
-0.000000 0.000000 0.000000 0.000000 0.000000 0.000000 0.000000 142.157120 5.406459 4.100716 227.279755
-0.000000 0.000000 0.000000 0.000000 0.000000 0.000000 0.000000 8.677383 118.920219 -4.744389 -257.971588
0.000000 0.000000 0.000000 0.000000 0.000000 0.000000 0.000000 9.584993 -1.285187 90.902107 187.348511

167.750000 3.750000 5.250000 11.250000 18.250000 6.500000 12.000000 15.500000 2.750000 20.000000 310.227509
0.000000 193.156479 4.219076 8.469449 18.428249 -3.395463 -2.499255 4.646796 9.114754 22.501276 -180.571198
0.000000 0.000000 125.821999 5.030805 10.100648 12.564237 -7.946764 7.641747 14.558861 12.184194 236.801666
-0.000000 0.000000 0.000000 174.698715 20.555037 -0.700396 6.126706 7.198026 1.627617 0.383729 -228.412338
0.000000 0.000000 0.000000 0.000000 149.913223 -7.697594 14.019002 2.444151 -10.975429 -13.673301 182.134216
0.000000 0.000000 0.000000 0.000000 0.000000 118.886963 -6.601636 0.852200 -16.294903 -9.605236 101.488525
0.000000 0.000000 0.000000 0.000000 0.000000 0.000000 136.454056 -9.907964 -9.965733 -13.593341 62.217255
-0.000000 0.000000 0.000000 0.000000 0.000000 0.000000 0.000000 142.157120 5.406459 4.100716 227.279755
-0.000000 0.000000 0.000000 0.000000 0.000000 0.000000 0.000000 0.000000 118.590202 -4.994699 -271.844910
0.000000 0.000000 0.000000 0.000000 0.000000 0.000000 0.000000 0.000000 -1.649719 90.625618 172.024094

167.750000 3.750000 5.250000 11.250000 18.250000 6.500000 12.000000 15.500000 2.750000 20.000000 310.227509
0.000000 193.156479 4.219076 8.469449 18.428249 -3.395463 -2.499255 4.646796 9.114754 22.501276 -180.571198
0.000000 0.000000 125.821999 5.030805 10.100648 12.564237 -7.946764 7.641747 14.558861 12.184194 236.801666
-0.000000 0.000000 0.000000 174.698715 20.555037 -0.700396 6.126706 7.198026 1.627617 0.383729 -228.412338
0.000000 0.000000 0.000000 0.000000 149.913223 -7.697594 14.019002 2.444151 -10.975429 -13.673301 182.134216
0.000000 0.000000 0.000000 0.000000 0.000000 118.886963 -6.601636 0.852200 -16.294903 -9.605236 101.488525
0.000000 0.000000 0.000000 0.000000 0.000000 0.000000 136.454056 -9.907964 -9.965733 -13.593341 62.217255
-0.000000 0.000000 0.000000 0.000000 0.000000 0.000000 0.000000 142.157120 5.406459 4.100716 227.279755
-0.000000 0.000000 0.000000 0.000000 0.000000 0.000000 0.000000 0.000000 118.590202 -4.994699 -271.844910
0.000000 0.000000 0.000000 0.000000 0.000000 0.000000 0.000000 0.000000 0.000000 90.556137 168.242432

167.750000 3.750000 5.250000 11.250000 18.250000 6.500000 12.000000 15.500000 2.750000 20.000000 310.227509
0.000000 193.156479 4.219076 8.469449 18.428249 -3.395463 -2.499255 4.646796 9.114754 22.501276 -180.571198
0.000000 0.000000 125.821999 5.030805 10.100648 12.564237 -7.946764 7.641747 14.558861 12.184194 236.801666
-0.000000 0.000000 0.000000 174.698715 20.555037 -0.700396 6.126706 7.198026 1.627617 0.383729 -228.412338
0.000000 0.000000 0.000000 0.000000 149.913223 -7.697594 14.019002 2.444151 -10.975429 -13.673301 182.134216
0.000000 0.000000 0.000000 0.000000 0.000000 118.886963 -6.601636 0.852200 -16.294903 -9.605236 101.488525
0.000000 0.000000 0.000000 0.000000 0.000000 0.000000 136.454056 -9.907964 -9.965733 -13.593341 62.217255
-0.000000 0.000000 0.000000 0.000000 0.000000 0.000000 0.000000 142.157120 5.406459 4.100716 227.279755
-0.000000 0.000000 0.000000 0.000000 0.000000 0.000000 0.000000 0.000000 118.590202 -4.994699 -271.844910
0.000000 0.000000 0.000000 0.000000 0.000000 0.000000 0.000000 0.000000 0.000000 90.556137 168.242432
x[1]=1.386059
x[2]=-1.150567
x[3]=1.791103
x[4]=-1.514592
x[5]=1.176898
x[6]=0.721803
x[7]=0.597648
x[8]=1.629404
x[9]=-2.214056
x[10]=1.857880
